avg_sizeCeD = 0.19*64 + 0.23*110 + 0.17*1518 + 0.00028*sum([65:109 111:1517]);
avg_sizeE = 0.25*64 + 0.17*110 + 0.11*1518 + 0.00032*sum([65:109 111:1517]);